8
data\clouds.pcx
data\wallglow.pcx
data\rgbw.tga
data\light2.pcx
data\light1.pcx
data\light3.pcx
data\fire1-1.pcx
data\fire1.pcx

2

13

4
8 11 10 9
1 0 5 4
0 0

4
1 3 7 6
1 0 2 3
2 3

4
16 12 18 17
1 0 2 3
2 0

4
13 12 14 15
7 6 0 1
1 0

4
19 18 12 13
9 8 0 1
1 0

4
15 16 17 20
9 8 0 1
1 0

4
6 5 0 1
9 8 0 1
1 3

4
3 2 4 7
9 8 0 1
1 3

4
5 4 2 0
9 8 0 1
2 3


4
7 4 5 6
1 0 2 3
1 3

4
21 17 2 23
9 8 0 1
1 0

4
24 0 18 22
9 8 0 1
1 0

4
23 3 1 24
1 0 2 3
1 0

2
-2.0 0.0 -10.0
-2.0 0.0 -11.0
-3.0 0.0 -11.0
-2.0-1.0 -10.0
-2.0-1.0 -11.0
-3.0-1.0 -11.0
-2.0-2.0 -10.0
-2.0-2.0 -11.0
-3.0-2.0 -11.0

-3.0 0.0 -11.0
-4.0 0.0 -11.0
-4.0 0.0 -10.0
-3.0-1.0 -11.0
-4.0-1.0 -11.0
-4.0-1.0 -10.0
-3.0-2.0 -11.0
-4.0-2.0 -11.0
-4.0-2.0 -10.0
